72631.000000
63317.000000
66476.000000
66404.000000
66928.000000
65071.000000
62710.003906
65864.000000
65535.000000
66992.000000
66774.000000
64411.996094
65633.000000
64540.996094
62743.000000
65548.000000
60743.000000
65963.000000
66540.000000
65688.000000
65717.000000
64250.000000
66113.000000
65192.000000
95334.000000
73342.000000
64943.000000
65861.000000
72327.000000
64507.000000
63545.003906
65105.996094
63675.000000
62605.000000
65582.000000
64776.003906
66827.000000
64603.000000
64476.000000
63459.000000
62891.000000
66071.000000
64116.000000
65817.000000
65217.003906
66479.000000
65943.000000
64131.000000
63530.996094
64600.000000
65595.000000
66688.000000
63646.003906
62513.000000
64423.003906
66577.000000
66203.000000
63823.000000
64415.000000
63749.000000
65072.000000
65927.000000
64055.003906
64947.000000
62917.000000
65738.000000
63097.000000
63006.000000
65503.000000
65798.000000
64993.000000
64352.000000
65885.000000
63592.000000
101371.000000
63084.996094
61711.000000
64465.000000
65132.000000
68806.000000
64043.000000
65362.000000
63303.000000
62905.996094
72365.000000
58518.000000
66821.000000
64703.003906
57073.000000
75142.000000
67338.000000
61643.000000
66727.000000
64424.000000
58259.000000
66115.000000
66330.000000
63389.003906
66795.000000
61113.000000
65527.000000
65413.000000
67785.000000
66250.000000
65660.000000
64439.996094
67038.000000
66716.000000
65420.000000
64480.000000
61974.000000
66434.000000
62793.000000
64678.000000
62740.996094
64448.996094
64167.000000
65698.000000
61751.000000
63545.003906
63840.000000
62762.996094
67040.000000
62960.996094
64841.003906
121936.000000
57837.000000
66313.000000
78539.000000
62861.003906
67206.000000
65738.000000
64574.003906
64126.000000
65713.000000
66265.000000
63615.000000
66014.000000
63375.003906
64825.000000
61813.000000
65180.003906
62500.000000
66716.000000
63865.996094
64572.000000
63461.996094
67763.000000
64075.000000
63699.996094
67511.000000
66092.000000
66034.000000
65617.000000
64168.000000
63536.003906
64856.000000
62882.000000
61389.000000
63530.996094
66714.000000
66239.000000
67045.000000
61345.000000
62560.000000
66003.000000
65940.000000
66352.000000
63707.000000
65696.000000
64225.003906
65324.000000
63910.000000
65864.000000
65090.000000
68489.000000
61936.000000
71971.000000
57716.000000
65853.000000
57715.000000
65081.000000
70998.000000
64057.000000
66089.000000
64799.003906
58113.000000
73020.000000
58422.000000
60665.000000
65636.000000
63381.000000
73520.000000
57703.000000
67432.000000
55225.000000
66224.000000
72501.000000
58084.000000
66925.000000
71276.000000
69642.000000
60175.000000
65631.000000
64852.996094
65286.003906
65630.000000
66643.000000
65949.000000
64750.000000
64627.996094
65413.000000
65220.996094
62744.000000
62743.000000
67050.000000
63937.000000
63360.996094
67374.000000
66081.000000
65564.000000
65638.000000
64648.003906
65881.000000
65781.000000
105141.000000
70774.000000
64462.996094
65315.000000
64216.003906
63497.996094
63929.996094
65243.000000
65735.000000
65241.000000
65224.996094
64266.003906
66384.000000
70129.000000
65270.996094
64009.003906
67088.000000
65095.000000
63836.000000
63809.000000
65445.000000
67812.000000
65787.000000
65096.996094
70638.000000
63699.996094
65247.996094
66675.000000
65305.003906
64758.003906
62648.996094
64037.003906
65929.000000
59159.000000
65568.000000
65875.000000
65082.000000
64150.000000
63135.996094
68581.000000
65661.000000
60915.000000
65623.000000
61610.000000
65424.003906
65953.000000
66442.000000
63941.000000
63975.000000
66661.000000
105621.000000
65702.000000
66457.000000
61981.000000
63242.003906
67810.000000
64061.000000
65893.000000
63272.996094
62457.000000
66958.000000
66201.000000
64682.000000
63247.003906
65706.000000
65140.000000
66583.000000
65421.000000
63093.996094
66442.000000
66732.000000
66302.000000
66230.000000
61614.000000
64290.003906
66747.000000
66683.000000
65624.000000
66791.000000
64505.003906
64782.000000
66197.000000
61143.000000
64461.000000
64841.003906
64514.003906
65718.000000
65743.000000
65231.003906
64306.996094
68364.000000
65502.003906
65249.003906
63109.003906
65642.000000
64981.996094
64608.000000
63217.996094
63908.003906
65251.000000
65154.000000
121581.000000
70586.000000
57663.000000
63428.996094
67491.000000
66445.000000
65596.000000
66700.000000
65822.000000
63360.000000
65467.000000
64184.003906
65485.000000
65500.996094
64131.000000
65518.000000
65079.003906
65833.000000
66227.000000
63971.996094
63771.003906
64531.996094
65878.000000
64993.000000
57297.000000
64035.996094
68771.000000
65371.996094
64287.000000
57041.000000
62896.996094
70289.000000
63275.000000
64516.000000
58008.000000
64508.000000
70063.000000
57975.000000
61798.000000
55085.000000
63780.003906
66055.000000
63331.000000
68027.000000
58793.000000
65155.996094
71595.000000
59258.000000
63421.003906
68144.000000
96196.000000
57235.000000
64231.000000
64490.996094
65595.000000
63335.000000
64088.000000
65766.000000
66483.000000
63164.003906
63827.000000
63658.996094
64228.996094
67112.000000
65358.996094
65705.000000
64461.000000
66405.000000
64462.996094
65649.000000
64041.003906
65732.000000
64223.000000
64388.000000
64671.003906
65998.000000
64953.000000
62100.000000
65433.003906
63502.996094
65243.000000
69041.000000
67441.000000
66045.000000
66566.000000
66348.000000
64990.000000
67748.000000
65112.003906
60997.000000
62795.996094
65404.996094
65542.000000
63942.000000
65112.003906
66003.000000
64613.000000
66428.000000
64571.000000
64065.000000
66827.000000
67111.000000
60174.000000
75359.000000
64093.000000
66644.000000
66696.000000
67623.000000
64023.003906
64234.003906
65833.000000
66494.000000
64545.000000
63135.000000
63530.996094
66870.000000
66597.000000
66736.000000
61385.000000
66114.000000
65799.000000
66235.000000
64510.003906
64508.000000
66621.000000
65103.000000
63385.003906
65224.000000
63043.000000
65279.000000
66388.000000
66984.000000
66709.000000
64250.000000
64640.000000
64909.003906
63337.000000
64758.003906
65086.996094
65805.000000
66820.000000
66485.000000
66689.000000
66388.000000
65677.000000
64127.000000
66308.000000
63923.000000
65725.000000
62790.996094
66835.000000
66059.000000
106550.000000
66550.000000
64239.003906
78115.000000
65133.996094
62620.996094
63080.996094
63198.000000
66416.000000
65698.000000
66447.000000
65710.000000
66603.000000
66254.000000
66740.000000
63966.996094
66505.000000
64684.003906
64190.000000
66525.000000
60643.000000
65177.000000
67002.000000
64791.000000
65755.000000
62341.000000
65947.000000
64607.000000
64514.003906
66566.000000
63441.000000
66220.000000
62578.000000
60109.000000
67475.000000
68503.000000
66186.000000
64507.000000
65018.996094
64791.000000
64737.000000
65836.000000
66807.000000
65582.000000
65150.000000
64953.000000
67089.000000
66362.000000
65941.000000
64246.000000
72399.000000
67574.000000
57514.000000
67042.000000
71748.000000
58233.000000
65252.000000
58142.000000
65753.000000
73418.000000
58157.000000
64967.000000
68523.000000
63217.996094
64196.996094
66071.000000
66082.000000
65829.000000
62280.000000
62206.000000
66457.000000
65447.003906
66181.000000
66608.000000
63190.996094
65174.996094
66202.000000
64368.003906
67386.000000
62429.000000
64074.003906
67236.000000
64443.996094
67340.000000
64861.996094
62697.000000
64395.003906
65452.003906
66682.000000
62112.000000
66146.000000
67028.000000
63973.003906
64912.996094
65987.000000
66073.000000
65730.000000
62696.003906
64286.000000
67310.000000
119958.000000
66411.000000
63476.003906
73658.000000
63856.996094
64995.000000
56777.000000
64218.996094
72347.000000
58007.000000
66230.000000
60147.000000
62963.000000
71182.000000
65983.000000
60189.000000
65091.000000
56439.000000
77952.000000
64136.996094
65099.000000
65730.000000
62280.000000
62299.000000
67079.000000
62702.000000
65704.000000
63984.996094
65803.000000
66017.000000
64631.000000
67040.000000
65771.000000
63550.003906
65840.000000
65287.000000
64773.000000
63413.000000
64880.000000
65241.000000
63741.996094
63658.000000
63819.000000
61592.000000
66874.000000
62606.996094
64685.003906
65739.000000
62348.000000
67061.000000
83036.000000
64878.000000
67007.000000
64571.000000
64065.000000
71274.000000
65474.003906
67867.000000
67205.000000
66371.000000
66579.000000
64900.003906
66497.000000
63993.000000
62925.003906
65638.000000
66809.000000
63171.996094
65997.000000
63752.003906
66357.000000
64965.003906
65972.000000
65600.000000
64891.003906
65672.000000
66075.000000
64127.996094
64166.003906
64154.000000
65879.000000
66840.000000
63778.996094
66054.000000
66331.000000
66052.000000
65199.003906
66953.000000
66279.000000
64961.000000
65107.003906
65944.000000
60059.000000
67023.000000
64537.003906
64189.000000
66833.000000
65522.000000
66036.000000
62850.996094
92886.000000
63481.003906
57282.000000
66626.000000
66112.000000
63892.000000
65527.000000
64814.000000
65819.000000
66300.000000
62730.996094
63887.000000
67241.000000
64035.000000
66793.000000
67010.000000
66148.000000
65856.000000
64519.003906
66601.000000
64292.996094
64336.000000
65597.000000
63683.003906
70671.000000
64563.000000
62743.000000
71237.000000
63757.003906
64149.000000
63642.003906
63785.000000
65594.000000
65348.000000
64687.996094
65135.003906
64359.000000
63303.000000
66633.000000
65922.000000
62954.000000
63867.003906
63703.000000
66530.000000
62461.000000
64553.000000
63309.000000
66422.000000
66221.000000
64352.996094
64542.003906
76001.000000
65595.000000
66685.000000
64099.996094
65451.003906
65926.000000
65822.000000
64310.996094
68382.000000
63130.996094
62951.996094
62908.000000
67428.000000
67966.000000
65114.000000
67053.000000
65794.000000
66965.000000
66669.000000
64419.000000
66049.000000
66262.000000
74268.000000
57264.000000
66188.000000
63924.996094
57074.000000
69548.000000
58361.000000
64119.003906
59672.000000
63542.000000
74152.000000
58138.000000
66244.000000
70184.000000
65026.000000
61443.000000
63850.000000
65463.000000
61671.000000
65356.000000
64127.000000
66726.000000
65163.000000
65688.000000
65387.003906
66622.000000
66397.000000
63197.000000
66750.000000
71035.000000
57875.000000
64574.003906
58582.000000
63722.996094
72871.000000
58704.000000
63669.003906
57677.000000
66793.000000
78908.000000
65461.003906
66265.000000
67079.000000
65638.000000
66393.000000
64075.000000
66219.000000
65907.000000
66583.000000
61989.000000
65204.003906
67059.000000
65269.000000
63465.000000
62988.000000
66255.000000
66005.000000
65854.000000
64081.996094
64733.996094
66227.000000
63557.996094
66358.000000
65806.000000
63185.000000
66101.000000
65551.000000
66251.000000
65897.000000
64258.000000
62968.000000
63686.996094
66275.000000
64157.000000
63074.000000
65850.000000
63698.000000
64833.000000
81220.000000
64753.003906
64811.000000
64274.000000
57748.000000
73380.000000
58849.000000
64880.996094
64675.003906
57979.000000
74633.000000
63557.996094
59926.000000
58649.000000
66263.000000
66208.000000
65999.000000
67487.000000
65889.000000
65989.000000
67043.000000
68551.000000
67059.000000
66478.000000
65498.000000
64098.000000
63768.996094
63000.000000
63841.000000
67221.000000
66155.000000
63276.000000
61131.000000
66903.000000
66413.000000
71760.000000
58051.000000
66889.000000
57600.000000
62933.996094
64136.000000
65818.000000
65052.003906
63391.000000
56880.000000
73186.000000
58705.000000
66550.000000
63906.000000
57207.000000
82647.000000
65718.000000
68887.000000
65394.996094
65105.000000
61203.000000
63199.996094
67888.000000
66351.000000
63345.000000
60478.000000
64046.003906
63135.996094
61697.000000
66421.000000
65350.003906
62656.000000
64897.000000
58395.000000
64629.003906
66022.000000
65448.000000
66548.000000
63583.000000
63835.003906
66160.000000
63684.000000
61397.000000
63966.000000
65582.000000
62261.000000
65204.003906
66188.000000
65703.000000
66342.000000
63992.000000
60779.000000
70572.000000
65548.000000
65477.000000
63778.996094
68631.000000
62922.000000
65964.000000
64138.003906
63698.000000
67043.000000
67765.000000
61618.000000
64476.996094
62140.000000
85234.000000
64042.003906
66035.000000
56187.000000
65123.000000
67520.000000
65401.003906
63419.996094
60161.000000
64848.996094
73260.000000
64836.003906
63104.003906
64110.003906
65606.000000
61675.000000
65674.000000
65787.000000
64108.996094
64425.996094
61297.000000
66013.000000
66213.000000
65302.996094
60799.000000
66593.000000
64117.000000
63243.000000
64212.000000
65174.000000
62849.000000
63206.003906
63236.996094
64531.996094
63747.003906
62157.000000
60449.000000
67915.000000
66353.000000
67069.000000
60490.000000
66208.000000
65043.003906
65335.996094
63017.003906
63543.996094
65593.000000
64133.003906
62005.000000
69045.000000
82722.000000
63585.996094
56898.000000
65063.000000
68723.000000
65814.000000
66850.000000
63621.000000
66215.000000
64965.003906
64855.000000
65799.000000
65165.996094
63092.000000
64007.000000
63842.000000
67980.000000
64453.996094
63190.000000
67629.000000
