   3.7393999999999997E-002
   3.7856000000000001E-002
   3.7870999999999995E-002
   3.6915999999999997E-002
   3.6480999999999993E-002
   3.6353999999999997E-002
   3.7704000000000001E-002
   3.7370000000000000E-002
   3.6674999999999999E-002
   3.5736999999999998E-002
   3.7370999999999995E-002
   3.7756999999999999E-002
   3.7143999999999996E-002
   3.7844000000000003E-002
   3.6673000000000004E-002
   3.6201999999999998E-002
   3.6985999999999998E-002
   3.7759999999999995E-002
   3.7485999999999998E-002
   3.7173999999999999E-002
   3.7695999999999993E-002
   3.9625000000000000E-002
   3.8203000000000001E-002
   3.7952000000000000E-002
   3.7547999999999998E-002
   3.7492999999999999E-002
   3.7118999999999999E-002
   3.6264999999999999E-002
   3.7005999999999997E-002
   3.7707999999999998E-002
   3.9640000000000002E-002
   3.7100000000000001E-002
   3.6012999999999996E-002
   3.7210000000000000E-002
   3.7125999999999999E-002
   3.6447000000000000E-002
   3.6719999999999996E-002
   3.7345999999999997E-002
   3.7465999999999999E-002
   3.7948999999999997E-002
   3.7662999999999995E-002
   3.7482000000000001E-002
   3.7301000000000001E-002
   3.7740000000000003E-002
   3.7914999999999997E-002
   3.6385000000000001E-002
   4.1430000000000002E-002
   3.6515999999999993E-002
   3.7656999999999996E-002
   3.7773999999999995E-002
   3.7337999999999996E-002
   3.7541999999999992E-002
   3.6962999999999996E-002
   3.8119000000000000E-002
   3.7560000000000003E-002
   3.7235999999999998E-002
   3.7229999999999999E-002
   3.7753000000000002E-002
   3.7526999999999998E-002
   3.6948999999999996E-002
   3.6405999999999994E-002
   3.6939999999999994E-002
   3.6177000000000001E-002
   3.7190000000000001E-002
   3.7032999999999996E-002
   3.7893999999999997E-002
   3.7878000000000002E-002
   3.7004999999999996E-002
   3.6191000000000001E-002
   3.6863999999999994E-002
   3.6278999999999999E-002
   3.9004999999999998E-002
   3.8907999999999998E-002
   3.8540999999999999E-002
   3.5684999999999995E-002
   3.7790000000000004E-002
   3.6406999999999995E-002
   3.6321999999999993E-002
   3.7942999999999998E-002
   3.8031000000000002E-002
   3.6197999999999994E-002
   3.7606000000000001E-002
   3.8474999999999995E-002
   3.7524999999999996E-002
   3.7713000000000003E-002
   3.7543999999999994E-002
   3.7085000000000000E-002
   3.6954000000000001E-002
   3.7233999999999996E-002
   3.7374999999999999E-002
   3.7222999999999999E-002
   3.7076999999999999E-002
   3.6440000000000000E-002
   3.7895999999999999E-002
   3.7342000000000000E-002
   3.7467999999999994E-002
   3.8050999999999995E-002
   3.9870999999999997E-002
   3.6296999999999996E-002
   3.6867999999999998E-002
   3.7850000000000002E-002
   3.8055999999999993E-002
   3.7231999999999994E-002
   3.6878999999999995E-002
   3.8612000000000000E-002
   3.7472999999999999E-002
   3.7647999999999994E-002
   3.7148999999999995E-002
   3.6921000000000002E-002
   3.5796999999999995E-002
   3.7615999999999997E-002
   3.7909999999999999E-002
   3.7791999999999999E-002
   3.7737999999999994E-002
   3.6844000000000002E-002
   3.5705000000000001E-002
   3.7505999999999998E-002
   3.9355999999999995E-002
   3.7508000000000000E-002
   3.7970000000000004E-002
   3.6852000000000003E-002
   3.5674999999999998E-002
   3.8524999999999997E-002
   3.7210000000000000E-002
   3.7555999999999999E-002
   3.7506000000000005E-002
   3.8091000000000000E-002
   3.7534999999999999E-002
   3.7837999999999997E-002
   3.7531000000000002E-002
   3.7142999999999995E-002
   3.7169000000000001E-002
   3.7407999999999997E-002
   3.7610999999999999E-002
   3.7907999999999997E-002
   3.7800000000000000E-002
   3.6681999999999999E-002
   3.7745000000000001E-002
   3.6887000000000003E-002
   3.7469000000000002E-002
   3.8052999999999997E-002
   3.5770999999999997E-002
   3.6562999999999998E-002
   3.7245000000000000E-002
   3.6562999999999998E-002
   3.7388999999999999E-002
   3.8475999999999996E-002
   3.8997999999999998E-002
   3.7531000000000002E-002
   3.7938000000000000E-002
   3.7326999999999999E-002
   3.7471999999999998E-002
   3.8026999999999998E-002
   3.7831000000000004E-002
   3.7727999999999998E-002
   3.6253000000000001E-002
   3.7827999999999994E-002
   3.8367999999999999E-002
   3.5984000000000002E-002
   3.7172999999999998E-002
   3.6903999999999999E-002
   3.7428999999999997E-002
   3.5749999999999997E-002
   3.7031999999999995E-002
   3.7893999999999997E-002
   3.8034999999999999E-002
   3.6148000000000000E-002
   3.7010000000000001E-002
   3.7144000000000003E-002
   3.7678999999999997E-002
   3.8489000000000002E-002
   3.7085999999999994E-002
   3.6657999999999996E-002
   3.6633999999999993E-002
   3.7554999999999998E-002
   3.7955999999999997E-002
   3.7699999999999997E-002
   3.7922999999999998E-002
   3.6868999999999999E-002
   3.6555000000000004E-002
   3.7161000000000000E-002
   3.8070999999999994E-002
   3.8056000000000000E-002
   3.7254000000000002E-002
   3.7340999999999999E-002
   3.7418000000000000E-002
   3.7740000000000003E-002
   3.7157000000000003E-002
   3.7236999999999999E-002
   3.7866999999999998E-002
   4.2311999999999995E-002
   3.7343999999999995E-002
   3.6576999999999998E-002
   3.6846999999999998E-002
   3.8450999999999999E-002
   3.7360999999999998E-002
   3.7640000000000000E-002
   3.6034999999999998E-002
   3.7848000000000000E-002
   3.6912000000000000E-002
   3.7317999999999997E-002
   3.7228999999999998E-002
   3.7686999999999998E-002
   3.7979999999999993E-002
   3.8145999999999999E-002
   3.7779999999999994E-002
   3.7975000000000002E-002
   3.7858000000000003E-002
   3.7829999999999996E-002
   3.7718999999999996E-002
   3.7318999999999998E-002
   3.7810999999999997E-002
   3.7849999999999995E-002
   3.7505000000000004E-002
   3.5656999999999994E-002
   3.7794999999999995E-002
   3.8012999999999998E-002
   3.7524000000000002E-002
   3.8796999999999998E-002
   3.8002999999999995E-002
   3.8064000000000001E-002
   3.7147999999999994E-002
   3.7317999999999997E-002
   3.5706000000000002E-002
   3.6374999999999998E-002
   3.7381999999999999E-002
   3.7338999999999997E-002
   3.6795999999999995E-002
   3.7791999999999999E-002
   3.6968000000000001E-002
   3.7082999999999998E-002
   3.8108999999999997E-002
   3.8081999999999998E-002
   3.7383999999999994E-002
   3.7615000000000003E-002
   3.8311000000000005E-002
   3.6937999999999999E-002
   3.7247999999999996E-002
   3.9629999999999999E-002
   3.8380999999999998E-002
   3.9424999999999995E-002
   3.7205000000000002E-002
   3.6727999999999997E-002
   3.8571999999999995E-002
   3.8470000000000004E-002
   3.7705999999999996E-002
   3.7726000000000003E-002
   3.7591999999999993E-002
   3.8128000000000002E-002
   3.6993999999999999E-002
   3.8251000000000000E-002
   3.8161000000000000E-002
   3.7577999999999993E-002
   3.7818999999999998E-002
   3.7976000000000003E-002
   3.6805999999999998E-002
   3.7721999999999999E-002
   3.7831999999999998E-002
   3.8085999999999995E-002
   3.8067999999999998E-002
   3.8003999999999996E-002
   3.8154000000000000E-002
   3.6682999999999993E-002
   3.7949000000000004E-002
   3.7931999999999994E-002
   3.7960000000000001E-002
   3.8115000000000003E-002
   3.7462000000000002E-002
   3.9969999999999999E-002
   3.8706999999999998E-002
   3.8426000000000002E-002
   3.8496000000000002E-002
   3.7880999999999998E-002
   3.7710000000000000E-002
   3.7213999999999997E-002
   3.7131999999999998E-002
   3.7814000000000000E-002
   3.8093999999999996E-002
   3.7492999999999999E-002
   3.8065999999999996E-002
   3.6962000000000002E-002
   3.7541999999999999E-002
   3.7676000000000001E-002
   3.7878999999999996E-002
   3.7075999999999998E-002
   3.7784999999999992E-002
   3.8104999999999993E-002
   3.7121000000000001E-002
   3.7360999999999998E-002
   3.7547999999999998E-002
   3.7956999999999998E-002
   3.7906999999999996E-002
   3.6933999999999995E-002
   3.8681000000000000E-002
   3.7462999999999996E-002
   3.6874999999999998E-002
   3.6469000000000001E-002
   3.7227999999999997E-002
   3.7711999999999996E-002
   3.5786999999999999E-002
   3.7384999999999995E-002
   3.8093999999999996E-002
   3.7266000000000001E-002
   3.7453000000000000E-002
   3.7788000000000002E-002
   3.9735999999999994E-002
   3.7755999999999998E-002
   3.7530000000000001E-002
   3.6433000000000000E-002
   3.6705999999999996E-002
   3.7599000000000000E-002
   3.7592000000000000E-002
   3.7083999999999999E-002
   3.7895999999999999E-002
   3.5922999999999997E-002
   3.7178999999999997E-002
   3.7255000000000003E-002
   3.7075999999999998E-002
   3.7317999999999997E-002
   4.0933999999999998E-002
   3.7284999999999999E-002
   3.7567999999999997E-002
   3.7227000000000003E-002
   3.7205999999999996E-002
   3.6482999999999995E-002
   3.7517000000000002E-002
   3.7364999999999995E-002
   3.7758000000000000E-002
   3.7662000000000001E-002
   3.8066000000000003E-002
   3.7571999999999994E-002
   3.7652999999999999E-002
   3.6351999999999995E-002
   3.6977999999999997E-002
   3.8113999999999995E-002
   3.7971999999999999E-002
   3.8093000000000002E-002
   3.7006999999999998E-002
   3.5848999999999999E-002
   3.6698000000000001E-002
   3.7123999999999997E-002
   3.7481000000000000E-002
   3.7131999999999998E-002
   3.6939000000000000E-002
   3.9122000000000004E-002
   3.7899999999999996E-002
   3.8394999999999999E-002
   3.7860999999999999E-002
   3.8040999999999998E-002
   3.7694999999999999E-002
   3.7211000000000001E-002
   3.7682000000000000E-002
   3.7543999999999994E-002
   3.7809999999999996E-002
   3.7239999999999995E-002
   3.7904000000000000E-002
   3.7523000000000001E-002
   3.8003999999999996E-002
   3.6523000000000000E-002
   3.7675000000000000E-002
   3.7880000000000004E-002
   3.7947999999999996E-002
   3.7547999999999998E-002
   3.7627000000000001E-002
   3.6130000000000002E-002
   3.7987000000000000E-002
   3.7560999999999997E-002
   3.7844999999999997E-002
   3.6767000000000001E-002
   3.9062999999999994E-002
   3.9080999999999998E-002
   3.7636000000000003E-002
   3.7651999999999998E-002
   3.7742999999999999E-002
   3.7206000000000003E-002
   3.8169999999999996E-002
   3.7620999999999995E-002
   3.7328000000000000E-002
   3.7557000000000000E-002
   3.7276999999999998E-002
   3.7154000000000000E-002
   3.7707999999999998E-002
   3.7517000000000002E-002
   3.7358000000000002E-002
   3.7913999999999996E-002
   3.7772000000000000E-002
   3.7954999999999996E-002
   3.7897000000000000E-002
   3.7594999999999996E-002
   3.6946999999999994E-002
   3.7454000000000001E-002
   3.7846999999999999E-002
   3.6609000000000003E-002
   3.7270000000000005E-002
   3.9302999999999998E-002
   4.0101999999999999E-002
   3.8048999999999999E-002
   3.7964999999999999E-002
   3.7996999999999996E-002
   3.8228999999999999E-002
   3.7920999999999996E-002
   3.7997999999999997E-002
   3.7368999999999999E-002
   3.7048000000000005E-002
   3.7672999999999998E-002
   3.7631999999999999E-002
   3.6648999999999994E-002
   3.5983999999999995E-002
   3.8038999999999996E-002
   3.8094000000000003E-002
   3.6552000000000001E-002
   3.7425000000000000E-002
   3.7380999999999998E-002
   3.6314999999999993E-002
   3.7620999999999995E-002
   3.7311999999999998E-002
   3.7451999999999999E-002
   3.7795999999999996E-002
   3.7176999999999995E-002
   3.8121999999999996E-002
   3.8704999999999996E-002
   3.8138999999999999E-002
   3.7714000000000004E-002
   3.7972999999999993E-002
   3.6343000000000000E-002
   3.6910999999999999E-002
   3.8615999999999998E-002
   3.8182999999999995E-002
   3.7628000000000002E-002
   3.7718000000000002E-002
   3.6650000000000002E-002
   3.6988999999999994E-002
   3.8038999999999996E-002
   3.7946000000000001E-002
   3.6976999999999996E-002
   3.6903999999999999E-002
   3.6109999999999996E-002
   3.5816000000000001E-002
   3.7107999999999995E-002
   3.7304000000000004E-002
   3.9026999999999999E-002
   3.7832999999999999E-002
   3.7995000000000001E-002
   3.7578000000000000E-002
   3.7397000000000000E-002
   4.1298999999999995E-002
   3.8234999999999998E-002
   3.8339999999999999E-002
   3.6899000000000001E-002
   3.7971999999999999E-002
   3.7759000000000001E-002
   3.7985999999999999E-002
   3.7859999999999998E-002
   3.7869999999999994E-002
   3.8197000000000002E-002
   3.7781999999999996E-002
   3.7241999999999997E-002
   3.8102000000000004E-002
   3.8324999999999998E-002
   3.7007999999999999E-002
   3.7261999999999997E-002
   3.8300000000000001E-002
   3.7647000000000000E-002
   3.8184999999999997E-002
   3.7983999999999997E-002
   3.7641999999999995E-002
   3.7511000000000003E-002
   3.7866999999999998E-002
   3.8579000000000002E-002
   3.8155999999999995E-002
   4.6299000000000000E-002
   3.7321999999999994E-002
   3.8428999999999998E-002
   3.8004999999999997E-002
   3.8434999999999997E-002
   3.8030000000000001E-002
   3.8106999999999995E-002
   3.7168000000000000E-002
   3.6654999999999993E-002
   3.7199000000000003E-002
   4.0862000000000002E-002
   3.7241000000000003E-002
   3.6451999999999998E-002
   3.7922999999999998E-002
   4.0065000000000003E-002
   3.7390999999999994E-002
   3.7557999999999994E-002
   3.6271000000000005E-002
   3.6832999999999998E-002
   3.6958999999999999E-002
   3.7223999999999993E-002
   3.8179999999999999E-002
   3.7983999999999997E-002
   3.7848000000000000E-002
   3.8168000000000001E-002
   3.9271999999999994E-002
   3.9066000000000004E-002
   3.8072000000000002E-002
   3.7066999999999996E-002
   3.7614999999999996E-002
   3.6406000000000001E-002
   3.7465999999999999E-002
   3.6670000000000001E-002
   3.7227999999999997E-002
   3.7485999999999998E-002
   3.7554999999999998E-002
   3.7515000000000000E-002
   3.7212999999999996E-002
   3.8102999999999998E-002
   3.6726999999999996E-002
   3.7234999999999997E-002
   3.8115000000000003E-002
   3.7713000000000003E-002
   3.7920000000000002E-002
   3.8100999999999996E-002
   3.7425999999999994E-002
   3.6825000000000004E-002
   3.6719000000000002E-002
   3.7697999999999995E-002
   3.8218999999999996E-002
   3.9538999999999998E-002
   4.0244999999999996E-002
   4.0252999999999997E-002
   4.1064999999999997E-002
   4.1480999999999997E-002
   4.1430999999999996E-002
   4.1441999999999993E-002
   4.0815999999999998E-002
   3.9181000000000001E-002
   3.7317999999999997E-002
   3.8434000000000003E-002
   4.0002000000000003E-002
   4.0924999999999996E-002
   3.8626000000000001E-002
   3.9056999999999994E-002
   3.8918999999999995E-002
   4.1013000000000001E-002
   3.9473999999999995E-002
   3.8835999999999996E-002
   3.8834000000000000E-002
   3.8794999999999996E-002
   3.9322000000000003E-002
   3.9156999999999997E-002
   4.0012999999999993E-002
   4.0272000000000002E-002
   4.0608999999999999E-002
   3.9149999999999997E-002
   3.9442999999999999E-002
   3.9895000000000000E-002
   3.9268999999999998E-002
   3.9189000000000002E-002
   3.8794999999999996E-002
   3.9238000000000002E-002
   3.9667999999999995E-002
   3.8954000000000003E-002
   3.9018999999999998E-002
   3.8755000000000005E-002
   3.8575999999999999E-002
   3.8898999999999996E-002
   3.8989999999999997E-002
   4.0670999999999992E-002
   4.5190999999999995E-002
   3.8665999999999999E-002
   3.8973000000000001E-002
   3.9281999999999997E-002
   3.9527000000000000E-002
   3.8683999999999996E-002
   4.0230000000000002E-002
   3.9949999999999999E-002
   4.0827000000000002E-002
   3.9144999999999999E-002
   3.9148999999999996E-002
   3.8750999999999994E-002
   3.8813000000000000E-002
   3.9040999999999999E-002
   3.8952999999999995E-002
   3.8736000000000000E-002
   3.8788999999999997E-002
   3.8823999999999997E-002
   3.8849999999999996E-002
   3.9434999999999998E-002
   3.8877000000000002E-002
   3.8658999999999999E-002
   3.9431000000000001E-002
   3.9897999999999996E-002
   3.9384999999999996E-002
   3.9079000000000003E-002
   3.8764000000000000E-002
   3.8833999999999994E-002
   3.8921999999999998E-002
   3.9703999999999996E-002
   3.9341000000000001E-002
   3.8681000000000000E-002
   4.7625000000000001E-002
   3.9247999999999998E-002
   3.9368000000000000E-002
   3.8723000000000000E-002
   3.8621999999999997E-002
   3.9227999999999992E-002
   3.9895000000000000E-002
   3.8969999999999998E-002
   3.9309999999999998E-002
   3.8882999999999994E-002
   3.8547000000000005E-002
   3.9162999999999996E-002
   3.8615999999999998E-002
   3.9007000000000000E-002
   3.9163999999999997E-002
   3.9919000000000003E-002
   3.9504999999999998E-002
   3.8822999999999996E-002
   3.8718999999999996E-002
   3.8923999999999993E-002
   3.8901999999999999E-002
   3.9460000000000002E-002
   3.9310999999999999E-002
   3.9462999999999998E-002
   4.0968999999999998E-002
   4.0474999999999997E-002
   4.0193000000000000E-002
   3.9110999999999993E-002
   3.9123999999999992E-002
   3.8963999999999999E-002
   4.0084999999999996E-002
   3.8575999999999999E-002
   3.8929999999999999E-002
   3.8578000000000001E-002
   3.9255999999999999E-002
   4.0237999999999996E-002
   3.9323999999999998E-002
   3.9245999999999996E-002
   3.9738999999999997E-002
   3.8965999999999994E-002
   3.8442999999999998E-002
   3.8752000000000002E-002
   3.8598999999999994E-002
   3.8657999999999998E-002
   3.9375999999999994E-002
   3.9305999999999994E-002
   3.8771000000000000E-002
   3.9364999999999997E-002
   3.9642999999999998E-002
   4.0878999999999999E-002
   3.8690999999999996E-002
   3.8780999999999996E-002
   3.8632999999999994E-002
   3.9013999999999993E-002
   3.9854000000000001E-002
   3.8666999999999993E-002
   3.8844000000000004E-002
   3.9331999999999999E-002
   3.8931999999999994E-002
   3.8744000000000001E-002
   3.8575999999999999E-002
   3.8939999999999995E-002
   3.9040999999999999E-002
   3.9405999999999997E-002
   3.9631000000000000E-002
   3.9285999999999995E-002
   3.9282999999999998E-002
   3.9059999999999997E-002
   3.9479000000000000E-002
   3.9424999999999995E-002
   3.8802000000000003E-002
   3.9336999999999997E-002
   3.9384999999999996E-002
   4.1315999999999999E-002
   3.9757000000000001E-002
   3.8933000000000002E-002
   3.8657999999999998E-002
   3.8775999999999998E-002
   3.8821999999999995E-002
   3.9780999999999997E-002
   3.9692999999999992E-002
   3.9302000000000004E-002
   3.8847999999999994E-002
   3.8848999999999995E-002
   3.8613000000000001E-002
   3.9180000000000000E-002
   3.9835999999999996E-002
   3.9171999999999998E-002
   3.9076999999999994E-002
   3.9097000000000000E-002
   3.8754999999999998E-002
   3.8661000000000001E-002
   3.8920999999999997E-002
   3.9136000000000004E-002
   3.9237999999999995E-002
   3.8665999999999999E-002
   3.9660000000000001E-002
   4.0458999999999995E-002
   4.0313000000000002E-002
   3.8745000000000002E-002
   3.8837000000000003E-002
   4.0029000000000002E-002
   3.9405000000000003E-002
   3.8843000000000003E-002
   3.8553999999999998E-002
   3.8586000000000002E-002
   3.8650999999999998E-002
   3.8578000000000001E-002
   3.8898000000000002E-002
   3.8721999999999999E-002
   3.8953999999999996E-002
   3.8988999999999996E-002
   3.8963999999999999E-002
   4.0332000000000000E-002
   3.8591000000000000E-002
   3.8765999999999995E-002
   3.8126999999999994E-002
   3.8131999999999999E-002
   3.8834000000000000E-002
   3.8639000000000000E-002
   3.8782999999999998E-002
   3.8739000000000003E-002
   4.0995000000000004E-002
   3.8626999999999995E-002
   3.8588999999999998E-002
   3.9234999999999999E-002
   3.8699999999999998E-002
   3.8647000000000001E-002
   3.8628000000000003E-002
   3.8698999999999997E-002
   3.8821999999999995E-002
   3.8578999999999995E-002
   3.8852999999999999E-002
   3.8824999999999998E-002
   3.8603999999999999E-002
   3.8840999999999994E-002
   4.4731000000000000E-002
   3.8816999999999997E-002
   3.8795999999999997E-002
   3.8778000000000000E-002
   3.8772999999999995E-002
   3.8573999999999997E-002
   3.8962999999999998E-002
   4.4441000000000001E-002
   3.9511999999999999E-002
   3.8795999999999997E-002
   3.9345000000000005E-002
   3.9113999999999996E-002
   3.8575999999999999E-002
   3.9033999999999999E-002
   3.9169999999999996E-002
   3.8782999999999998E-002
   3.9469000000000004E-002
   3.8850999999999997E-002
   3.9274999999999997E-002
   3.8794999999999996E-002
   3.8573999999999997E-002
   3.9322000000000003E-002
   3.9518999999999999E-002
   3.9296999999999999E-002
   3.8899999999999997E-002
   3.8688999999999994E-002
   3.8827999999999994E-002
   3.8577000000000000E-002
   3.9061999999999999E-002
   3.8574999999999998E-002
   3.8931999999999994E-002
   3.8720999999999998E-002
   3.8810999999999998E-002
   3.9142999999999997E-002
   3.9766999999999997E-002
   4.0398999999999997E-002
   3.8591999999999994E-002
   3.8831999999999998E-002
   3.8863000000000002E-002
   3.8577000000000000E-002
   3.8859999999999999E-002
   3.8717000000000001E-002
   3.9704000000000003E-002
   3.8435999999999998E-002
   3.8654999999999995E-002
   3.9795999999999998E-002
   3.8748999999999992E-002
   3.8850999999999997E-002
   3.8822000000000002E-002
   3.8696000000000001E-002
   4.0253999999999998E-002
   3.8573999999999997E-002
   3.9090000000000000E-002
   3.8837999999999998E-002
   3.9119000000000001E-002
   4.0009999999999997E-002
   4.1027999999999995E-002
   3.8775999999999998E-002
   3.8724999999999996E-002
   4.1160000000000002E-002
   3.8726000000000003E-002
   3.8603999999999999E-002
   3.8720999999999998E-002
   3.8134999999999995E-002
   3.8127999999999995E-002
   3.8863999999999996E-002
   3.8619000000000001E-002
   3.8128999999999996E-002
   3.8130999999999998E-002
   3.8928999999999998E-002
   3.8575999999999999E-002
   3.8626000000000001E-002
   3.8692999999999998E-002
   3.8822000000000002E-002
   3.8783999999999999E-002
   3.8577000000000000E-002
   3.8760999999999997E-002
   3.8579999999999996E-002
   3.8603999999999999E-002
   3.8679999999999999E-002
   3.9258999999999995E-002
   3.8607999999999996E-002
   3.8886999999999998E-002
   3.9224999999999996E-002
   4.0623999999999993E-002
   3.8948000000000003E-002
   3.8572000000000002E-002
   3.8591000000000000E-002
   3.8904000000000001E-002
   3.9042000000000000E-002
   3.8577000000000000E-002
   3.8596999999999999E-002
   3.8972000000000000E-002
   3.8851000000000004E-002
   3.8658999999999999E-002
   3.8580999999999997E-002
   4.0043999999999996E-002
   3.8762999999999999E-002
   3.8682000000000001E-002
   3.8913000000000003E-002
   3.8575999999999999E-002
   3.8599000000000001E-002
   3.8714999999999999E-002
   3.8654999999999995E-002
   4.0858999999999999E-002
   3.8656999999999997E-002
   3.9178999999999999E-002
   3.8632000000000000E-002
   4.2101000000000000E-002
   4.0170999999999998E-002
   4.0178999999999999E-002
   3.8637000000000005E-002
   3.8717999999999995E-002
   3.8594999999999997E-002
   3.8577999999999994E-002
   3.8540999999999999E-002
   3.8650999999999998E-002
   3.9215999999999994E-002
   3.9109999999999999E-002
   3.9649999999999998E-002
   3.9779999999999996E-002
   3.8684000000000003E-002
   3.8672999999999999E-002
   3.8668000000000001E-002
   3.8599000000000001E-002
   3.8627000000000002E-002
   3.8649000000000003E-002
   3.8573999999999997E-002
   3.9805999999999994E-002
   3.8777999999999993E-002
   3.9058000000000002E-002
   4.0014000000000001E-002
   3.9842999999999996E-002
   4.0767999999999999E-002
   3.8937999999999993E-002
   3.8778999999999994E-002
   3.8875000000000000E-002
   3.8577000000000000E-002
   3.8807999999999995E-002
   4.0035999999999995E-002
   3.8787999999999996E-002
   3.8733000000000004E-002
   3.8831999999999998E-002
   3.8755999999999999E-002
   3.8626999999999995E-002
   3.9010999999999997E-002
   3.9150999999999998E-002
   3.8685999999999998E-002
   3.9664999999999999E-002
   3.8970000000000005E-002
   3.9120999999999996E-002
   3.8951000000000000E-002
   3.8990999999999998E-002
   3.8806999999999994E-002
   3.8583999999999993E-002
   3.9366999999999992E-002
   3.9468999999999997E-002
   4.1426999999999999E-002
   3.9505999999999993E-002
   3.8676000000000002E-002
   3.8730999999999995E-002
   3.8672999999999999E-002
   3.8849999999999996E-002
   3.9673000000000000E-002
   3.8702999999999994E-002
   3.8995000000000002E-002
   3.9321000000000002E-002
   3.8923999999999993E-002
   3.8871000000000003E-002
   3.8577000000000000E-002
   3.9395999999999994E-002
   3.9197999999999997E-002
   3.9257000000000000E-002
   3.8566000000000003E-002
   3.8630999999999992E-002
   3.9727999999999999E-002
   3.8806000000000000E-002
   3.9264000000000000E-002
   3.8616999999999999E-002
   3.8678999999999998E-002
   3.9990999999999999E-002
   3.9798999999999994E-002
   4.0351999999999999E-002
   3.8828999999999995E-002
   3.9005999999999999E-002
   3.9331999999999999E-002
   3.8575999999999999E-002
   3.8815000000000002E-002
   3.8958000000000000E-002
   3.9183999999999997E-002
   3.8550999999999995E-002
   3.8886999999999998E-002
   3.8868000000000000E-002
   3.8672999999999992E-002
   3.8883999999999995E-002
   3.8995999999999996E-002
   3.8698999999999997E-002
   4.0574999999999993E-002
   3.8581999999999998E-002
   3.8890999999999995E-002
   3.8796999999999998E-002
   3.8640000000000001E-002
   3.8602999999999998E-002
   3.8127000000000001E-002
   3.8655999999999996E-002
   3.8574999999999998E-002
   4.1246999999999999E-002
   3.8946000000000001E-002
   3.8658999999999999E-002
   3.8634000000000002E-002
   3.8702000000000000E-002
   3.8324000000000004E-002
   3.9327999999999995E-002
   3.8707999999999992E-002
   3.9390999999999995E-002
   3.8654999999999995E-002
   3.9116999999999999E-002
   3.8603999999999992E-002
   3.8577999999999994E-002
   3.8851999999999998E-002
   3.8575999999999999E-002
   3.9157999999999998E-002
   3.8582999999999999E-002
   3.8691000000000003E-002
   3.8780999999999996E-002
   3.8761999999999998E-002
   3.8815000000000002E-002
   3.8689000000000001E-002
   3.8595999999999998E-002
   3.8772999999999995E-002
   4.0060999999999999E-002
   4.0264000000000001E-002
   3.8601000000000003E-002
   3.8838999999999999E-002
   3.8572000000000002E-002
   3.8600000000000002E-002
   3.8671999999999998E-002
   3.8895999999999993E-002
   3.9307000000000002E-002
   3.9151999999999999E-002
   3.8632000000000000E-002
   3.8857999999999997E-002
   3.9014999999999994E-002
   3.9044999999999996E-002
   3.8600000000000002E-002
   3.8632000000000000E-002
   3.9090999999999994E-002
   4.0222000000000001E-002
   3.9142000000000003E-002
   3.8610999999999999E-002
   3.8800999999999995E-002
   3.8576999999999993E-002
   3.9406000000000004E-002
   3.8740999999999998E-002
   4.1214000000000001E-002
   3.8593999999999996E-002
   3.8130999999999998E-002
   3.8682000000000001E-002
   3.8694999999999993E-002
   4.0916999999999995E-002
   3.9271000000000000E-002
   3.9300000000000002E-002
   3.9155999999999996E-002
   3.8794000000000002E-002
   3.9552999999999998E-002
   3.8690999999999996E-002
   3.8974000000000002E-002
   3.8673999999999993E-002
   3.9070000000000001E-002
   3.9752999999999997E-002
   3.8768999999999998E-002
