730170
742100
745501
745268
724164
627594
743756
741319
730630
746446
737398
739441
738153
728463
727944
745203
728894
730841
737203
728238
730149
727923
742467
630092
739180
745268
739674
743079
742338
630659
744673
730797
741669
737191
743594
740573
728159
745874
732936
739506
631563
741351
730608
743838
728208
733574
742131
629197
742477
737787
742566
745099
740644
736161
727497
740702
730419
633529
726940
743285
732430
746918
728211
729488
634568
731351
735541
733590
742082
735377
742174
743379
742239
726168
739090
740959
738725
739459
737267
744385
739838
742452
740309
742333
733936
726689
740289
742429
731383
747122
740644
727294
727676
740073
740544
746826
747544
740595
733284
734943
731827
627267
739837
732171
746354
742317
733340
729853
746694
737064
741164
737591
744384
728430
730244
728549
735620
739593
727432
728478
730466
736443
744828
739121
728529
735970
733486
731434
727519
740400
732664
634621
740852
731445
741957
744901
743384
744627
743420
728758
736076
628371
732207
736430
739180
745468
739323
737393
733401
728484
732779
730525
619316
743963
735423
731631
739281
737324
736678
740436
736148
730121
732925
739926
632519
743253
740772
739272
743245
740257
737328
740418
729096
628996
742407
733004
736410
745241
730925
736432
737532
731218
741560
736529
740503
729926
746286
740908
631060
728980
732460
729967
735252
738585
739922
630843
745524
631601
728466
732432
738487
742684
738285
730520
728536
744728
741076
744534
634994
740941
731987
745558
729363
746908
739312
745737
733206
737959
742373
622229
630892
737742
744596
728954
740915
741375
729463
742640
630516
627190
736829
744801
635614
737364
730483
736967
740924
740087
743353
740374
631804
738999
728297
745969
738337
744296
733766
732972
729763
743969
742001
729995
628427
735895
744710
739254
735529
748770
765498
736211
743018
741333
632779
727583
739313
728743
739266
740211
628845
746519
730541
727172
737510
628556
729637
742536
737787
737076
732617
743724
731092
729599
728584
627441
730301
730105
727540
630032
741546
631681
737142
744193
735751
730420
734592
632244
628342
739547
634402
741769
632223
736354
741821
741949
744002
740246
731210
743055
745211
737374
740782
742794
737463
635422
745143
633414
743065
742810
738030
739998
738396
736011
730364
739805
739508
630452
727578
728385
733958
741528
737097
745792
743784
737278
728410
739482
740181
742248
727726
737141
629224
743141
742920
741610
741336
742408
744523
744623
740270
745255
734637
633759
738530
744216
743128
728226
744101
632428
741027
741581
632156
634662
636399
740401
740284
729132
744014
735243
739899
744726
743832
733998
630228
732657
742902
733857
739890
743783
739038
732753
742233
738449
746075
735251
734795
742323
743451
729817
740945
742767
739079
730152
731042
729929
631411
741035
732466
731666
740708
734411
740815
741311
733486
628400
741660
731526
742023
744605
742834
732599
737404
729316
742769
746288
738914
737933
731358
638697
744470
741214
630171
634025
739859
634916
741403
737241
740445
744070
736996
745011
740939
728562
734448
632615
736063
736466
739402
732164
634974
740394
744366
741518
728057
731545
739094
734513
738062
742531
738129
736486
740466
742108
739506
742847
738957
742058
630361
634545
733482
741725
744171
728617
739774
732156
739859
726512
732663
739735
738379
746772
740541
743838
739998
629286
741602
730391
630896
741690
632120
737475
738553
743304
738101
742405
731884
634018
739933
744980
636488
739536
738730
746537
629423
635317
738787
742961
635393
742212
742904
732418
628682
731242
739533
735340
738646
738852
727044
744332
738902
741108
738190
740606
741463
741756
737606
736303
744364
740886
746627
739507
630729
740799
733423
743628
628432
746187
741370
632277
631525
744810
731586
742721
738825
731987
632671
728918
736266
743428
732507
738970
731012
743261
738698
724832
734223
742077
741357
743321
734413
740384
728428
728407
742594
737750
741592
742767
733520
725540
733006
743839
630914
632335
740239
741743
732154
744299
729210
735225
740486
729823
740276
738781
729660
744205
739665
621888
739543
736416
729487
740424
744892
740205
734738
635194
727345
630304
738353
744687
738825
731345
634637
730384
738931
621170
741761
741561
736325
737170
746653
742003
740607
729887
740697
739390
741580
737424
722992
729399
742193
735319
741706
735879
745617
738462
744276
731439
744582
730599
631581
741711
742614
733140
727715
738484
733622
743350
735436
730935
740605
738891
741795
741803
737104
743790
631381
742459
736546
740610
740714
738610
736063
739802
737324
735754
740607
743794
737336
731639
732844
737403
635696
731222
731891
734605
732924
738962
731757
745584
730548
633476
727634
742749
742213
731766
630184
734362
740069
629369
736376
730535
731487
737402
738851
729499
733758
744092
742558
730299
628215
739465
737949
739682
732559
728331
731421
741562
740627
741332
630875
733705
734074
742543
731383
630262
742684
741346
744450
744134
745269
743495
744244
737577
730648
739641
732967
729907
740008
739723
729712
741773
728248
733661
729502
736397
738615
736390
731174
739368
729266
740528
740732
734517
740836
742264
739996
737098
628120
742167
742204
741259
742462
742171
627317
730262
728842
740990
735328
743485
740194
740182
742030
739311
731653
738056
740438
630402
728517
736759
736313
742429
739570
746363
738847
740758
731706
731562
742980
734880
737179
729365
629126
740422
734875
741465
742445
635477
732618
739770
745792
736989
741615
745031
742146
739611
741942
730651
629183
739414
736761
739331
731361
742729
742186
728452
737951
738107
740352
732667
736547
743824
743997
739468
743085
736946
730467
730359
732447
741310
728428
731450
738654
732921
739552
741304
739359
731277
732882
632174
738499
741745
741074
739526
729678
736292
742160
729194
741727
735852
742732
731502
741466
731172
738145
741221
741650
743710
741083
737824
746076
734864
729140
740660
736737
746083
732894
743679
742761
739369
731660
741559
730173
631860
726225
740169
733211
742501
742001
731652
727532
729691
731685
732752
741312
742048
738605
630357
740909
736405
727678
742679
742635
739646
740812
742842
740131
742048
736841
738737
738621
732300
634224
741770
741543
743635
742412
741437
742010
736681
741348
731536
735497
739478
745759
745051
742235
730499
728532
734930
732544
727848
742171
729041
738674
729361
737086
742799
741137
631284
729394
742361
743465
738873
739210
733521
742726
744201
733134
742217
738271
732066
730625
746246
742675
739530
738477
730717
739306
740071
741524
632407
628427
737318
736426
739794
732409
729166
728484
741138
734421
630028
741876
744067
739113
729579
742666
630075
731517
742414
725525
731650
741392
740778
743186
733614
736388
744367
743889
738302
742958
747540
741113
737218
740221
743522
741584
739261
739891
741446
740572
733253
748210
730200
735921
729644
741971
742376
735240
748786
746400
741680
740439
745058
739369
739868
737421
732311
741616
739419
743379
744076
741109
740369
738154
730613
743142
742524
741465
633253
736326
742057
731869
737092
739753
742282
741242
736578
732846
736546
628669
742413