learning with cuda 

100 0.24605761468410492 1.704446731309872e-05
200 0.1255638748407364 0.005193645600229502
300 0.11266446113586426 0.006399635691195726
400 0.10206256061792374 0.005298249423503876
500 0.0809783861041069 0.008336042985320091
600 0.07010835409164429 0.006822798866778612
700 0.06168627738952637 0.005861413665115833
800 0.053740471601486206 0.00485400203615427
900 0.038607507944107056 0.0046891444362699986
1000 0.026620198041200638 0.005794058553874493
1100 0.02240772359073162 0.0061171879060566425
1200 0.020525474101305008 0.00718088261783123
1300 0.01851704716682434 0.006695941090583801
1400 0.016676602885127068 0.00671980669721961
1500 0.014994676224887371 0.006348941475152969
1600 0.01193047035485506 0.005338242743164301
1700 0.008928974159061909 0.004295307211577892
1800 0.006214928813278675 0.0031597246415913105
1900 0.00413341773673892 0.0023525385186076164
2000 0.006410704459995031 0.0065788161009550095
2100 0.002231750637292862 0.0014043807750567794
2200 0.0019119670614600182 0.0012639935594052076
2300 0.002574461279436946 0.00933064240962267
2400 0.0015482236631214619 0.0011125394375994802
2500 0.0013896285090595484 0.0010705438908189535
2600 0.0012530292151495814 0.0010266505414620042
2700 0.001192527706734836 0.0009491117089055479
2800 0.0010410122340545058 0.0009440064895898104
2900 0.0009413607767783105 0.0009056184790097177
3000 0.0009517034632153809 0.0008173258393071592
3100 0.0007882103673182428 0.0008201468153856695
3200 0.0007113188621588051 0.0007834010757505894
3300 0.0005730883567593992 0.0017000087536871433
3400 0.000607200083322823 0.0006839112029410899
3500 0.0005406740237958729 0.0006525568314827979
3600 0.00048686491209082305 0.000611850235145539
3700 0.00044189835898578167 0.0005924735451117158
3800 0.0004112761525902897 0.0005132593214511871
3900 0.0003652343002613634 0.0004720747238025069
4000 0.0003197109908796847 0.0004269217315595597
4100 0.0003021025040652603 0.00036625194479711354
4200 0.0002601466258056462 0.0003332623455207795
4300 0.00022430461831390858 0.0003016867849510163
4400 0.00018627161625772715 0.000314801320200786
4500 0.00017857113562058657 0.00024033946101553738
4600 0.00015232317673508078 0.0002209159138146788
4700 0.00013186053547542542 0.0002797568740788847
4800 0.00012646839604713023 0.0001826032530516386
4900 0.00010791498061735183 0.00017526201554574072
5000 9.301550016971305e-05 0.0001692393998382613
5100 9.766948642209172e-05 0.0001535757619421929
5200 8.171743684215471e-05 0.0001529063010821119
5300 7.20313037163578e-05 0.00014891450700815767
5400 7.995396299520507e-05 0.0001352326653432101
5500 6.489123188657686e-05 0.00013590769958682358
5600 5.769346171291545e-05 0.00013168514124117792
5700 5.900449104956351e-05 0.0001375886204186827
5800 5.4172556701814756e-05 0.00011888241715496406
5900 4.754522888106294e-05 0.00011481116962386295
6000 0.00044129203888587654 0.0012313580373302102
6100 4.555997293209657e-05 0.00010093344462802634
6200 3.862806988763623e-05 9.70384935499169e-05
6300 0.00047444572555832565 0.0016444673528894782
6400 3.687826756504364e-05 8.387966954614967e-05
6500 3.0358278308995068e-05 7.98269102233462e-05
6600 5.504418004420586e-05 0.00015367586456704885
6700 2.9645261747646146e-05 6.652521551586688e-05
6800 2.2646669094683602e-05 6.351668707793579e-05
6900 0.00010305693285772577 0.0006136813317425549
7000 2.027014306804631e-05 5.3147858125157654e-05
7100 1.5774507119203918e-05 4.9593196308705956e-05
7200 1.931480255734641e-05 5.192394746700302e-05
7300 1.3351673260331154e-05 4.148576044826768e-05
7400 1.0054975064122118e-05 3.867718260153197e-05
7500 1.3766576557827648e-05 3.389812263776548e-05
7600 8.366466317966115e-06 3.235611075069755e-05
7700 0.00033095182152464986 0.0016554852481931448
7800 7.229871243907837e-06 2.7194784706807695e-05
7900 4.921153504255926e-06 2.51477504207287e-05
8000 1.1018611075996887e-05 2.9786815503030084e-05
8100 4.024931513413321e-06 2.1609428586089052e-05
8200 2.801357140924665e-06 1.9703586076502688e-05
8300 6.216148904059082e-06 1.9539898858056404e-05
8400 2.313456207048148e-06 1.6889547623577528e-05
8500 3.4230058645334793e-06 3.252990063629113e-05
8600 2.9463169539667433e-06 1.4557029317074921e-05
8700 1.212987967846857e-06 1.3219218999438453e-05
8800 7.644625839020591e-07 1.1943083336518612e-05
8900 1.4399118981600623e-06 1.285762573388638e-05
9000 6.240240395527508e-07 1.0232522981823422e-05
9100 6.057799328118563e-05 0.0002948347828350961
9200 5.686034683094476e-07 8.820469702186529e-06
9300 8.931734782890999e-07 1.0430862857901957e-05
9400 2.506942280433577e-07 7.967994861246552e-06
9500 2.5608871510485187e-05 6.66036139591597e-05
9600 2.915938352998637e-07 7.604245638503926e-06
9700 1.1476623029693656e-07 7.169297077780357e-06
9800 4.643633928935742e-06 5.041203257860616e-05
9900 2.0340480944014416e-07 7.160090262914309e-06
10000 9.40506481583725e-08 6.824478532507783e-06
